 1  -62.8  -89.5 1.7 0
 2    3.3   -3.5 1.1 0
 3 -120.8 -103.2 2.5 0
 4  -18.1  -28.8 1.1 0
 5   -3.8  -50.6 0.9 0
 6  -61.2  -56.2 1.7 0
 7  -20.3  -17.4 1.0 0
 8 -194.5  -25.8 0.5 0
 9   20.8   -4.3 1.0 0
10 -106.1  -22.9 1.5 0
11  -39.4  -35.7 1.2 0
12 -164.1  -17.7 1.3 0
13 -308.9  -65.8 0.8 0
14    7.2  -22.6 2.0 0
15 -118.3  -34.2 1.5 0
16 -185.9 -280.0 6.7 0
17  -34.6  -19.4 3.4 0
18  -27.9    6.3 1.3 0
19  -48.2    6.8 1.6 0
20  -49.2  -17.2 0.3 0
21  -19.2  -36.7 0.8 0
22  -18.1   -6.5 0.9 0
23  -98.0  -20.8 1.7 0
24 -129.0  -14.2 1.3 0
25   -4.0  -15.8 2.1 0
26   -8.7  -36.3 2.8 0
27  -59.2  -12.8 2.1 0
28  -13.1  -17.6 0.9 0
29  -38.0    1.6 1.2 0
30  -57.9    0.7 0.8 0
31   -8.8   -9.1 0.9 0
32  -64.7   -0.4 0.1 0
33  -11.4    4.8 0.9 0
34   43.0   16.4 1.3 1
35   47.0   16.0 1.9 1
36   -3.3    4.0 2.7 1
37   35.0   20.8 1.9 1
38   46.7   12.6 0.9 1
39   20.8   12.5 2.4 1
40   33.0   23.6 1.5 1
41   26.1   10.4 2.1 1
42   68.6   13.8 1.6 1
43   37.3   33.4 3.5 1
44   59.0   23.1 5.5 1
45   49.6   23.8 1.9 1
46   12.5    7.0 1.8 1
47   37.3   34.1 1.5 1
48   35.3    4.2 0.9 1
49   48.5   25.1 2.6 1
50   18.1   13.5 4.0 1
51   31.4   15.7 1.9 1
52   21.5  -14.4 1.0 1
53    8.5    5.8 1.5 1
54   40.6    5.8 1.8 1
55   34.6   26.4 1.8 1
56   19.9   26.7 2.3 1
57   17.4   12.6 1.3 1
58   54.7   14.6 1.7 1
59   53.5   20.6 1.1 1
60   35.9   26.4 2.0 1
61   39.4   30.5 1.9 1
62   53.1    7.1 1.9 1
63   39.8   13.8 1.2 1
64   59.5    7.0 2.0 1
65   16.3   20.4 1.0 1
66   21.7   -7.8 1.6 1


