540.52 612.40 681.50 744.60 798.93 843.33 878.18 905.81 931.72 953.09 973.14 989.63 1003.55 1015.80 1025.78 1034.06 1040.99 1046.79 1052.13 1056.32 1059.81
614.26 686.14 754.85 816.74 868.80 912.92 947.74 975.05 1000.91 1022.24 1042.02 1058.45 1072.17 1084.35 1094.28 1102.50 1109.38 1115.14 1120.37 1124.53 1127.99
679.40 751.29 819.56 880.19 932.04 975.30 1010.00 1036.40 1061.79 1082.90 1101.68 1117.85 1130.96 1142.79 1152.47 1160.48 1167.17 1172.77 1177.45 1181.37 1185.01
733.70 805.58 873.43 933.18 984.88 1026.16 1060.59 1086.64 1109.61 1130.23 1146.97 1162.72 1175.28 1185.57 1194.96 1202.52 1208.83 1214.09 1218.49 1222.16 1225.22
775.14 847.03 915.25 975.71 1026.18 1066.70 1098.35 1123.81 1144.67 1163.33 1179.25 1192.43 1204.15 1213.67 1221.53 1228.11 1233.62 1238.81 1242.79 1246.11 1248.87
808.81 880.69 948.87 1009.18 1058.36 1097.22 1126.76 1149.70 1169.64 1185.66 1199.53 1211.37 1221.00 1228.97 1236.30 1242.15 1247.03 1251.09 1254.48 1257.30 1259.63
835.15 907.04 975.22 1035.34 1084.13 1120.66 1148.26 1168.21 1186.09 1200.96 1212.81 1222.43 1230.41 1237.74 1243.59 1248.47 1252.53 1255.92 1258.74 1261.07 1262.98
860.84 932.73 1000.39 1059.23 1106.26 1142.09 1166.77 1184.65 1199.53 1212.88 1223.58 1232.15 1239.18 1245.03 1249.91 1253.97 1257.35 1260.17 1262.51 1264.42 1265.92
882.89 954.77 1022.35 1080.93 1127.00 1159.87 1183.21 1198.09 1211.44 1222.38 1231.97 1239.53 1245.67 1250.77 1255.00 1258.51 1261.42 1263.84 1265.84 1267.46 1268.74
902.09 973.97 1041.17 1098.74 1144.16 1176.20 1196.65 1210.01 1220.94 1230.53 1238.71 1245.35 1250.69 1255.11 1258.78 1261.82 1264.33 1266.40 1268.11 1269.50 1270.58
919.07 990.95 1058.05 1115.31 1159.10 1189.17 1208.57 1219.50 1229.10 1237.28 1244.26 1250.07 1254.71 1258.55 1261.73 1264.37 1266.54 1268.33 1269.80 1270.99 1271.92
932.71 1004.60 1071.59 1128.52 1171.72 1200.72 1218.06 1227.66 1235.84 1242.82 1248.87 1253.96 1258.00 1261.33 1264.10 1266.39 1268.27 1269.83 1271.10 1272.13 1272.93
944.94 1016.82 1083.55 1139.81 1181.87 1210.08 1226.22 1234.40 1241.38 1247.43 1252.70 1257.18 1260.70 1263.60 1266.02 1268.01 1269.66 1271.01 1272.12 1273.01 1273.71
954.85 1026.74 1093.36 1149.32 1190.85 1217.67 1232.96 1239.95 1245.99 1251.26 1255.89 1259.85 1262.93 1265.46 1267.58 1269.33 1270.78 1271.96 1272.93 1273.71 1274.32
963.00 1034.89 1101.41 1157.09 1198.13 1224.27 1238.51 1244.55 1249.83 1254.45 1258.54 1262.07 1264.77 1267.00 1268.87 1270.41 1271.68 1272.72 1273.57 1274.26 1274.80
969.80 1041.69 1108.13 1163.56 1204.15 1229.68 1243.12 1248.39 1253.01 1257.10 1260.73 1263.90 1266.29 1268.27 1269.92 1271.29 1272.41 1273.34 1274.09 1274.70 1275.18
975.51 1047.39 1113.76 1168.97 1209.18 1234.18 1246.95 1251.58 1255.66 1259.29 1262.54 1265.41 1267.55 1269.30 1270.78 1272.00 1273.01 1273.83 1274.51 1275.05 1275.48
980.27 1052.16 1118.46 1173.49 1213.37 1237.92 1250.14 1254.22 1257.86 1261.11 1264.02 1266.63 1268.56 1270.13 1271.46 1272.57 1273.48 1274.22 1274.83 1275.32 1275.71
984.25 1056.13 1122.38 1177.26 1216.85 1241.02 1252.79 1256.42 1259.67 1262.59 1265.19 1267.60 1269.35 1270.78 1271.99 1273.00 1273.84 1274.52 1275.08 1275.53 1275.88
987.55 1059.44 1125.64 1180.38 1219.75 1243.60 1254.98 1258.23 1261.15 1263.76 1266.08 1268.32 1269.93 1271.26 1272.38 1273.32 1274.09 1274.73 1275.25 1275.68 1276.01
990.30 1062.19 1128.35 1182.98 1222.15 1245.74 1256.79 1259.71 1262.32 1264.64 1266.69 1268.81 1270.33 1271.58 1272.64 1273.53 1274.27 1274.87 1275.37 1275.77 1276.09
