538.95 610.84 679.92 742.96 797.17 841.39 876.01 902.37 928.97 950.14 967.54 986.23 999.65 1010.83 1022.28 1030.75 1037.91 1043.96 1049.22 1053.70 1057.48
612.77 684.66 753.34 815.16 867.10 908.08 945.55 971.88 998.15 1019.27 1036.61 1055.03 1068.38 1079.50 1088.90 1099.18 1106.29 1112.31 1117.45 1121.90 1125.65
677.87 749.75 818.01 878.57 928.24 971.15 1007.74 1033.90 1055.64 1079.85 1096.97 1111.12 1127.48 1138.37 1147.55 1157.12 1164.05 1169.91 1174.85 1178.98 1182.64
732.01 803.89 871.73 931.11 980.98 1023.64 1054.07 1083.98 1105.31 1122.87 1143.66 1157.31 1168.71 1182.09 1190.82 1198.22 1205.62 1211.16 1215.84 1219.79 1222.72
771.73 843.62 911.09 971.49 1023.09 1060.49 1094.33 1115.83 1141.58 1158.44 1172.33 1188.64 1199.30 1208.29 1218.11 1224.92 1230.68 1235.56 1240.02 1243.64 1246.69
805.38 877.26 945.03 1004.22 1055.97 1092.92 1119.10 1144.63 1161.56 1182.21 1195.17 1205.92 1214.98 1225.56 1232.45 1238.30 1243.95 1248.31 1252.00 1255.11 1257.21
832.70 904.58 972.29 1031.30 1078.21 1117.77 1143.19 1160.12 1180.78 1193.73 1209.14 1218.86 1227.00 1233.89 1239.74 1245.38 1249.75 1253.44 1256.55 1258.65 1260.94
853.53 925.41 992.77 1050.81 1102.85 1136.36 1158.68 1179.34 1192.29 1207.70 1217.42 1225.56 1235.59 1241.67 1246.82 1251.19 1254.88 1257.99 1260.08 1262.38 1264.26
878.02 949.91 1017.18 1074.99 1119.83 1151.20 1177.90 1190.85 1206.26 1215.98 1224.12 1234.15 1240.23 1245.38 1251.70 1255.53 1258.78 1261.52 1263.82 1265.70 1267.18
893.68 965.56 1032.59 1089.71 1139.65 1170.30 1189.42 1204.83 1214.54 1222.69 1232.71 1238.79 1243.95 1250.26 1254.09 1257.34 1261.44 1263.87 1265.92 1267.61 1268.95
913.27 985.16 1052.09 1108.95 1152.14 1181.29 1203.39 1213.11 1221.25 1231.28 1237.36 1242.51 1248.83 1252.66 1255.90 1260.00 1262.43 1265.52 1267.36 1268.90 1270.13
928.77 1000.66 1067.49 1124.06 1166.72 1195.12 1211.67 1219.81 1229.84 1235.92 1241.07 1247.39 1251.22 1254.46 1258.56 1260.99 1264.08 1265.92 1268.38 1269.79 1270.93
940.96 1012.85 1079.57 1135.84 1177.93 1205.56 1221.20 1228.40 1234.48 1239.63 1245.95 1249.78 1253.03 1257.12 1259.56 1262.64 1264.49 1266.94 1268.35 1270.41 1271.47
950.78 1022.66 1089.29 1145.24 1186.79 1213.64 1228.40 1234.69 1240.00 1244.51 1248.34 1251.59 1255.69 1258.12 1261.20 1263.05 1265.51 1266.91 1268.97 1270.83 1271.83
958.90 1030.78 1097.31 1152.97 1193.99 1220.13 1234.05 1239.50 1244.10 1248.03 1251.39 1254.25 1256.68 1259.77 1261.61 1264.07 1265.48 1267.53 1269.39 1270.39 1272.07
965.74 1037.63 1104.06 1159.46 1200.00 1225.48 1238.65 1243.33 1247.30 1250.70 1253.64 1256.16 1258.33 1260.17 1262.63 1264.04 1266.09 1267.95 1268.96 1270.63 1272.23
971.55 1043.44 1109.79 1164.95 1205.07 1229.96 1242.47 1246.47 1249.87 1252.81 1255.37 1257.59 1259.53 1261.19 1262.60 1264.65 1266.51 1267.52 1269.19 1270.79 1272.33
976.48 1048.36 1114.64 1169.60 1209.35 1233.74 1245.66 1249.07 1251.97 1254.50 1256.73 1258.68 1260.41 1261.92 1263.22 1265.07 1266.08 1267.75 1269.35 1270.90 1272.41
980.62 1052.50 1118.72 1173.51 1212.95 1236.92 1248.34 1251.24 1253.71 1255.88 1257.81 1259.53 1261.07 1262.44 1263.64 1264.64 1266.32 1267.91 1269.46 1270.98 1272.47
984.06 1055.95 1122.12 1176.77 1215.95 1239.56 1250.57 1253.04 1255.14 1257.01 1258.68 1260.19 1261.56 1262.81 1263.92 1264.88 1266.47 1268.02 1269.54 1271.03 1272.52
986.90 1058.79 1124.92 1179.45 1218.43 1241.75 1252.42 1254.53 1256.32 1257.92 1259.37 1260.70 1261.94 1263.08 1264.12 1265.04 1266.58 1268.10 1269.60 1271.08 1272.55
