518.85 590.74 659.95 723.44 778.58 824.20 860.55 888.69 912.09 931.19 946.64 959.13 969.25 977.45 984.11 989.51 993.88 997.41 1000.26 1002.52 1004.26
588.20 660.09 729.31 792.79 847.93 893.55 929.90 958.05 981.44 1000.54 1016.00 1028.48 1038.60 1046.81 1053.46 1058.86 1063.23 1066.77 1069.61 1071.87 1073.61
649.56 721.44 790.66 854.14 909.28 954.90 991.25 1019.40 1042.80 1061.89 1077.35 1089.83 1099.95 1108.16 1114.81 1120.21 1124.58 1128.12 1130.96 1133.22 1134.96
697.96 769.85 839.06 902.55 957.69 1003.31 1039.66 1067.80 1091.20 1110.30 1125.76 1138.24 1148.36 1156.56 1163.22 1168.62 1172.99 1176.53 1179.37 1181.63 1183.37
731.91 803.79 873.01 936.50 991.63 1037.25 1073.60 1101.75 1125.15 1144.25 1159.70 1172.19 1182.30 1190.51 1197.17 1202.56 1206.93 1210.47 1213.32 1215.58 1217.31
753.09 824.98 894.19 957.68 1012.82 1058.43 1094.78 1122.93 1146.33 1165.43 1180.88 1193.37 1203.48 1211.69 1218.35 1223.74 1228.12 1231.65 1234.50 1236.76 1238.50
764.61 836.50 905.71 969.20 1024.34 1069.96 1106.31 1134.45 1157.85 1176.95 1192.40 1204.89 1215.01 1223.21 1229.87 1235.27 1239.64 1243.17 1246.02 1248.28 1250.02
772.06 843.95 913.16 976.65 1031.79 1077.40 1113.75 1141.90 1165.30 1184.40 1199.85 1212.34 1222.45 1230.66 1237.32 1242.71 1247.09 1250.62 1253.47 1255.73 1257.47
776.69 848.58 917.80 981.28 1036.42 1082.04 1118.39 1146.54 1169.93 1189.03 1204.49 1216.97 1227.09 1235.30 1241.95 1247.35 1251.72 1255.26 1258.10 1260.36 1262.10
779.53 851.42 920.63 984.12 1039.26 1084.87 1121.23 1149.37 1172.77 1191.87 1207.32 1219.81 1229.92 1238.13 1244.79 1250.19 1254.56 1258.09 1260.94 1263.20 1264.94
781.27 853.15 922.37 985.86 1040.99 1086.61 1122.96 1151.11 1174.51 1193.61 1209.06 1221.55 1231.66 1239.87 1246.53 1251.92 1256.29 1259.83 1262.68 1264.94 1266.67
782.34 854.22 923.44 986.93 1042.06 1087.68 1124.03 1152.18 1175.58 1194.68 1210.13 1222.62 1232.73 1240.94 1247.60 1252.99 1257.36 1260.90 1263.75 1266.01 1267.74
783.00 854.88 924.10 987.59 1042.72 1088.34 1124.69 1152.84 1176.24 1195.34 1210.79 1223.28 1233.39 1241.60 1248.26 1253.65 1258.02 1261.56 1264.41 1266.66 1268.40
783.40 855.29 924.50 987.99 1043.13 1088.75 1125.10 1153.24 1176.64 1195.74 1211.19 1223.68 1233.80 1242.00 1248.66 1254.06 1258.43 1261.96 1264.81 1267.07 1268.81
783.65 855.54 924.75 988.24 1043.38 1089.00 1125.35 1153.49 1176.89 1195.99 1211.44 1223.93 1234.04 1242.25 1248.91 1254.31 1258.68 1262.21 1265.06 1267.32 1269.06
783.81 855.69 924.91 988.39 1043.53 1089.15 1125.50 1153.65 1177.05 1196.14 1211.60 1224.08 1234.20 1242.41 1249.06 1254.46 1258.83 1262.37 1265.21 1267.47 1269.21
783.90 855.78 925.00 988.49 1043.63 1089.24 1125.59 1153.74 1177.14 1196.24 1211.69 1224.18 1234.29 1242.50 1249.16 1254.55 1258.92 1262.46 1265.31 1267.57 1269.30
783.96 855.84 925.06 988.54 1043.68 1089.30 1125.65 1153.80 1177.20 1196.30 1211.75 1224.24 1234.35 1242.56 1249.22 1254.61 1258.98 1262.52 1265.36 1267.62 1269.36
783.99 855.88 925.09 988.58 1043.72 1089.33 1125.69 1153.83 1177.23 1196.33 1211.78 1224.27 1234.38 1242.59 1249.25 1254.65 1259.02 1262.55 1265.40 1267.66 1269.40
784.01 855.90 925.11 988.60 1043.74 1089.36 1125.71 1153.85 1177.25 1196.35 1211.80 1224.29 1234.40 1242.61 1249.27 1254.67 1259.04 1262.57 1265.42 1267.68 1269.42
784.02 855.91 925.12 988.61 1043.75 1089.37 1125.72 1153.86 1177.26 1196.36 1211.81 1224.30 1234.42 1242.62 1249.28 1254.68 1259.05 1262.58 1265.43 1267.69 1269.43
