542.42 614.31 683.40 746.48 800.78 845.10 879.82 907.55 933.30 954.51 974.67 990.99 1005.03 1017.11 1026.93 1035.07 1042.15 1048.04 1052.95 1057.03 1060.43
617.44 689.33 758.02 819.88 871.87 914.69 949.38 976.80 1002.51 1023.66 1043.56 1059.81 1073.66 1085.67 1095.42 1103.51 1110.48 1116.32 1121.19 1125.24 1128.62
682.36 754.25 822.51 883.20 935.13 977.09 1011.67 1037.91 1063.41 1084.34 1103.24 1119.24 1132.39 1144.13 1153.64 1161.51 1168.08 1173.73 1178.45 1182.38 1185.64
736.46 808.34 876.18 936.22 988.03 1028.78 1062.30 1088.20 1111.28 1131.74 1148.73 1164.17 1176.56 1187.18 1196.19 1203.60 1209.77 1214.92 1219.22 1222.81 1225.82
778.26 850.14 918.35 978.77 1029.40 1069.81 1100.13 1125.45 1146.14 1164.92 1180.68 1193.97 1205.53 1214.87 1222.68 1229.42 1235.01 1239.66 1243.53 1246.75 1249.42
812.03 883.91 952.07 1012.34 1061.43 1100.42 1129.82 1151.43 1171.22 1187.07 1201.06 1212.74 1222.20 1230.58 1237.44 1243.14 1247.88 1251.84 1255.12 1257.86 1260.12
838.53 910.42 978.52 1038.60 1087.31 1123.71 1151.43 1171.22 1187.78 1202.50 1214.17 1223.64 1232.02 1238.88 1244.58 1249.32 1253.27 1256.56 1259.30 1261.55 1263.43
864.02 935.91 1003.55 1062.34 1109.53 1145.25 1169.78 1187.78 1202.50 1214.54 1225.07 1233.46 1240.32 1246.01 1250.76 1254.71 1258.00 1260.73 1262.99 1264.87 1266.42
886.17 958.05 1025.61 1084.14 1130.13 1162.87 1186.34 1201.06 1214.54 1225.07 1233.58 1240.96 1246.92 1251.83 1255.90 1259.27 1262.07 1264.39 1266.30 1267.86 1269.09
905.19 977.08 1044.26 1101.96 1147.39 1179.32 1199.62 1213.10 1224.14 1233.58 1240.96 1246.92 1252.06 1256.27 1259.76 1262.63 1265.00 1266.97 1268.58 1269.90 1270.93
922.29 994.18 1061.26 1118.47 1162.18 1192.40 1211.66 1222.70 1232.15 1240.44 1246.90 1252.06 1256.27 1259.82 1262.80 1265.24 1267.26 1268.92 1270.29 1271.40 1272.27
936.03 1007.92 1074.89 1131.79 1174.91 1203.80 1221.26 1230.71 1239.00 1246.08 1251.74 1256.19 1259.82 1262.80 1265.26 1267.35 1269.06 1270.47 1271.63 1272.57 1273.30
948.13 1020.01 1086.73 1142.94 1185.18 1213.27 1229.27 1237.56 1244.64 1250.77 1255.73 1259.58 1262.70 1265.26 1267.35 1269.06 1270.52 1271.72 1272.70 1273.49 1274.11
958.15 1030.03 1096.65 1152.56 1194.02 1221.00 1236.13 1243.20 1249.33 1254.67 1259.03 1262.38 1265.07 1267.27 1269.06 1270.52 1271.70 1272.72 1273.55 1274.23 1274.75
966.37 1038.26 1104.78 1160.43 1201.40 1227.42 1241.77 1247.89 1253.23 1257.91 1261.77 1264.68 1267.02 1268.92 1270.45 1271.70 1272.72 1273.54 1274.25 1274.82 1275.26
973.23 1045.12 1111.55 1166.96 1207.51 1232.94 1246.45 1251.79 1256.47 1260.61 1264.04 1266.59 1268.63 1270.27 1271.60 1272.67 1273.54 1274.25 1274.82 1275.30 1275.68
978.97 1050.86 1117.22 1172.43 1212.59 1237.51 1250.35 1255.03 1259.17 1262.84 1265.92 1268.17 1269.95 1271.39 1272.54 1273.47 1274.22 1274.82 1275.29 1275.70 1276.02
983.78 1055.67 1121.97 1176.99 1216.83 1241.32 1253.60 1257.73 1261.41 1264.70 1267.47 1269.47 1271.04 1272.31 1273.32 1274.12 1274.77 1275.29 1275.70 1276.01 1276.29
987.79 1059.68 1125.93 1180.79 1220.37 1244.48 1256.29 1259.97 1263.26 1266.22 1268.74 1270.53 1271.93 1273.05 1273.94 1274.65 1275.21 1275.66 1276.01 1276.29 1276.50
991.14 1063.02 1129.22 1183.96 1223.31 1247.11 1258.53 1261.82 1264.78 1267.42 1269.75 1271.37 1272.62 1273.63 1274.43 1275.06 1275.56 1275.95 1276.26 1276.50 1276.65
993.92 1065.81 1131.97 1186.60 1225.75 1249.29 1260.39 1263.34 1265.99 1268.33 1270.50 1271.99 1273.14 1274.07 1274.79 1275.36 1275.81 1276.17 1276.44 1276.65 1276.80
