H_1 =                               H_11 =
   -0.2204    0.8074  166.6303          0.0612    0.9032  166.2815
    0.2787    0.0759  178.1498          0.9289    0.1280   28.6891
   -0.0009    0.0001    1.0000          0.0006    0.0000    1.0000
H_3 =                               H_13 =
   -0.3254    0.8275  197.7143          0.0877    1.2629  145.6157
    0.5622    0.1381   95.3857          1.2514    0.1500   71.6536
   -0.0006   -0.0000    1.0000          0.0008    0.0003    1.0000
H_5 =                               H_15 =
   -0.5147    0.7639  222.2079          0.0331    1.3813   40.7023
    0.2629    0.5986   41.0748          1.4056    0.1315   64.2955
   -0.0010    0.0003    1.0000          0.0005    0.0003    1.0000
H_7 =                               H_17 =
    0.1342    1.5613  180.1398          0.2169    1.1970  124.6471
    1.5318    0.0204  127.4220          1.3618    0.2535   58.2397
    0.0012    0.0013    1.0000          0.0012   -0.0002    1.0000
H_9 =                               H_19 =
   -0.0230    0.4463  301.6882          0.2281    2.0098   99.4373
    0.9281    0.2101   40.7188          1.8122   -0.1245   90.3232
    0.0005   -0.0007    1.0000          0.0019    0.0015    1.0000