542.42 614.30 683.40 746.48 800.77 845.09 879.81 907.54 933.30 954.50 974.67 990.99 1005.03 1017.10 1026.92 1035.06 1042.13 1048.02 1052.92 1057.00 1060.39
617.43 689.32 758.02 819.87 871.87 914.68 949.38 976.79 1002.50 1023.65 1043.55 1059.80 1073.66 1085.66 1095.42 1103.50 1110.27 1116.30 1121.16 1125.21 1128.57
682.36 754.24 822.51 883.19 935.13 977.09 1011.66 1037.90 1063.41 1084.34 1103.24 1119.24 1132.18 1144.12 1153.63 1161.49 1168.06 1173.57 1178.42 1182.33 1185.59
736.45 808.34 876.18 936.14 988.02 1028.77 1062.30 1088.19 1111.27 1131.73 1148.72 1164.17 1176.56 1187.18 1196.18 1203.58 1209.75 1214.90 1219.19 1222.77 1225.75
778.25 850.14 918.34 978.77 1029.39 1069.81 1100.12 1125.45 1146.14 1164.92 1180.67 1193.97 1205.52 1214.86 1222.58 1229.40 1234.98 1239.62 1243.48 1246.70 1249.37
812.02 883.90 952.07 1012.34 1061.43 1100.42 1129.82 1151.42 1171.22 1187.07 1201.05 1212.73 1222.19 1230.57 1237.42 1243.11 1247.85 1251.79 1255.07 1257.80 1260.06
838.53 910.41 978.52 1038.60 1087.31 1123.71 1151.42 1171.22 1187.77 1202.49 1214.17 1223.63 1232.01 1238.86 1244.55 1249.28 1253.23 1256.51 1259.24 1261.50 1263.34
864.02 935.90 1003.54 1062.34 1109.53 1145.25 1169.78 1187.77 1202.49 1214.53 1225.06 1233.45 1240.30 1245.98 1250.72 1254.67 1257.95 1260.68 1262.94 1264.78 1266.35
886.16 958.05 1025.61 1084.14 1130.12 1162.87 1186.33 1201.05 1214.53 1225.06 1233.45 1240.95 1246.89 1251.79 1255.85 1259.21 1262.00 1264.32 1266.23 1267.79 1269.02
905.19 977.07 1044.26 1101.78 1147.39 1179.31 1199.62 1213.09 1224.13 1233.57 1240.95 1246.89 1251.79 1255.85 1259.21 1262.55 1264.92 1266.87 1268.49 1269.80 1270.84
922.29 994.17 1061.26 1118.47 1162.17 1192.39 1211.65 1222.69 1232.14 1240.43 1246.88 1252.03 1256.23 1259.70 1262.55 1264.92 1266.87 1268.49 1270.18 1271.29 1272.16
936.03 1007.91 1074.89 1131.79 1174.91 1203.80 1221.26 1230.70 1238.99 1246.07 1251.72 1256.16 1259.77 1262.74 1265.17 1267.17 1268.82 1270.18 1271.29 1272.16 1273.18
948.12 1020.01 1086.72 1142.93 1185.18 1213.26 1229.26 1237.55 1244.63 1250.76 1255.71 1259.56 1262.66 1265.20 1267.28 1268.97 1270.37 1271.52 1272.45 1273.18 1273.72
958.14 1030.03 1096.64 1152.56 1194.01 1220.99 1236.11 1243.19 1249.32 1254.66 1259.01 1262.36 1265.04 1267.22 1269.00 1270.44 1271.63 1272.59 1273.37 1273.98 1274.43
966.37 1038.25 1104.77 1160.42 1201.39 1227.41 1241.75 1247.88 1253.22 1257.90 1261.75 1264.67 1267.00 1268.88 1270.41 1271.65 1272.65 1273.47 1274.12 1274.63 1275.00
973.22 1045.11 1111.55 1166.96 1207.50 1232.93 1246.44 1251.78 1256.46 1260.60 1264.03 1266.58 1268.61 1270.25 1271.57 1272.63 1273.49 1274.18 1274.73 1275.16 1275.47
978.97 1050.85 1117.22 1172.42 1212.58 1237.50 1250.34 1255.02 1259.16 1262.83 1265.91 1268.16 1269.94 1271.37 1272.52 1273.44 1274.18 1274.77 1275.24 1275.59 1275.85
983.77 1055.66 1121.96 1176.98 1216.83 1240.99 1253.59 1257.72 1261.40 1264.69 1267.46 1269.46 1271.03 1272.29 1273.30 1274.10 1274.74 1275.25 1275.65 1275.95 1276.17
987.78 1059.67 1125.92 1180.79 1220.36 1244.10 1256.28 1259.96 1263.25 1266.20 1268.73 1270.52 1271.92 1273.04 1273.93 1274.63 1275.19 1275.63 1275.98 1276.24 1276.42
991.13 1063.01 1129.21 1183.95 1223.30 1246.69 1258.52 1261.81 1264.76 1267.41 1269.74 1271.36 1272.62 1273.62 1274.42 1275.04 1275.54 1275.93 1276.23 1276.46 1276.62
993.91 1065.79 1131.96 1186.59 1225.74 1249.28 1260.37 1263.33 1265.97 1268.32 1270.49 1271.98 1273.14 1274.06 1274.78 1275.35 1275.80 1276.15 1276.42 1276.63 1276.77
