540.87 612.75 681.84 744.87 799.08 843.26 877.82 904.07 930.77 951.79 969.01 987.82 1001.03 1012.00 1023.57 1031.85 1038.84 1044.78 1050.17 1054.55 1058.25
616.02 687.90 756.58 818.39 870.29 911.20 947.36 973.57 999.95 1020.93 1038.09 1056.62 1069.78 1080.69 1089.90 1100.28 1107.23 1113.13 1118.41 1122.76 1126.44
680.94 752.83 821.08 881.61 931.23 974.30 1009.57 1035.62 1057.21 1081.54 1098.48 1112.43 1128.90 1139.58 1148.57 1158.26 1165.03 1170.76 1175.63 1179.89 1183.46
734.92 806.81 874.63 933.98 984.03 1026.83 1057.16 1085.74 1106.93 1124.33 1145.22 1158.67 1169.88 1183.36 1191.91 1199.16 1206.68 1212.10 1216.68 1220.57 1223.64
774.51 846.39 913.86 974.46 1026.23 1063.54 1097.49 1118.85 1143.27 1159.97 1173.67 1190.07 1200.54 1209.36 1219.30 1225.95 1231.60 1236.40 1240.99 1244.53 1247.50
808.51 880.40 948.16 1007.30 1059.20 1096.07 1122.11 1147.74 1164.51 1183.83 1196.60 1207.16 1216.06 1226.74 1233.49 1239.22 1245.01 1249.28 1252.89 1255.92 1258.16
835.95 907.83 975.53 1034.51 1081.34 1121.01 1146.31 1163.07 1183.83 1196.60 1207.16 1220.21 1228.18 1234.93 1240.66 1246.45 1250.72 1254.33 1257.36 1259.60 1261.79
856.65 928.54 995.88 1053.87 1106.08 1139.47 1161.63 1182.39 1195.16 1210.67 1220.21 1228.18 1234.93 1242.85 1247.89 1252.15 1255.76 1258.80 1261.03 1263.23 1265.02
881.25 953.14 1020.40 1078.16 1122.90 1154.14 1180.95 1193.72 1209.23 1218.77 1226.74 1236.91 1242.85 1247.89 1252.15 1256.67 1259.82 1262.47 1264.67 1266.46 1267.87
896.73 968.62 1035.63 1092.70 1142.83 1173.34 1192.29 1207.79 1217.33 1225.30 1235.47 1241.41 1246.45 1252.94 1256.67 1259.82 1262.47 1264.67 1266.93 1268.50 1269.74
916.43 988.32 1055.24 1112.05 1155.14 1184.14 1206.36 1215.90 1223.87 1234.03 1239.97 1245.01 1251.50 1255.23 1258.39 1262.67 1265.00 1266.93 1268.50 1269.74 1271.06
932.01 1003.90 1070.72 1127.24 1169.81 1198.07 1214.46 1222.43 1232.60 1238.54 1243.57 1250.06 1253.79 1256.95 1261.23 1263.56 1266.83 1268.56 1269.96 1271.06 1271.87
944.24 1016.13 1082.85 1139.07 1181.10 1208.61 1224.11 1231.16 1237.10 1242.14 1248.62 1252.36 1255.51 1259.79 1262.12 1265.39 1267.12 1269.75 1271.04 1272.04 1272.77
954.07 1025.96 1092.57 1148.51 1190.00 1216.77 1231.42 1237.59 1242.78 1247.19 1250.92 1254.07 1258.35 1260.68 1263.95 1265.68 1268.32 1269.60 1271.82 1272.76 1273.44
962.19 1034.07 1100.59 1156.24 1197.22 1223.30 1237.15 1242.51 1247.03 1250.87 1254.14 1256.91 1259.24 1262.51 1264.24 1266.88 1268.16 1270.39 1272.39 1273.28 1273.94
969.02 1040.91 1107.34 1162.72 1203.24 1228.67 1241.80 1246.42 1250.33 1253.68 1256.55 1259.00 1261.08 1262.80 1265.44 1266.72 1268.95 1270.95 1271.84 1273.65 1274.30
974.83 1046.72 1113.06 1168.21 1208.31 1233.17 1245.64 1249.60 1252.97 1255.88 1258.40 1260.57 1262.44 1264.00 1265.29 1267.51 1269.51 1270.40 1272.21 1273.92 1274.56
979.77 1051.66 1117.93 1172.88 1212.61 1236.97 1248.86 1252.24 1255.11 1257.63 1259.83 1261.77 1263.45 1264.88 1266.07 1268.08 1268.97 1270.78 1272.48 1274.11 1274.75
983.95 1055.83 1122.05 1176.82 1216.24 1240.18 1251.57 1254.44 1256.89 1259.05 1260.97 1262.68 1264.20 1265.52 1266.64 1267.53 1269.34 1271.04 1272.67 1274.25 1274.89
987.44 1059.32 1125.49 1180.12 1219.29 1242.87 1253.85 1256.29 1258.36 1260.22 1261.88 1263.39 1264.76 1265.98 1267.04 1267.90 1269.60 1271.23 1272.82 1274.36 1275.00
990.32 1062.20 1128.33 1182.85 1221.81 1245.10 1255.74 1257.83 1259.60 1261.18 1262.62 1263.95 1265.19 1266.32 1267.33 1268.17 1269.80 1271.38 1272.93 1274.45 1275.07
